[cam_0]
name = "A"
size = [ 1280, 1024,]
matrix = [[4526.510387172448, 0.0, 291.01512085412844], [0.0, 4437.814609190872, 862.6723685218329], [0.0, 0.0, 1.0]]
distortions = [-6.189432437918485, 75.77707391865073, -0.07441201117594795, 0.3088086796217198, -578.7820313416065]
rotation = [-0.9345627051606972, 1.0985192767853464, 1.7054297390691369]
translation = [17.940714184318235, -86.83380837787719, 98.79528547873038]

[cam_1]
name = "B"
size = [ 1280, 1024,]
matrix = [[6068.882688996181, 0.0, 653.7491548700061], [0.0, 6257.964154206385, 524.1867242655777], [0.0, 0.0, 1.0]]
distortions = [-7.115559198762396, 772.1302964171172, 0.3317717826830578, -0.1267257631176127, 9.527478438544822]
rotation = [-1.3107588703418327, -1.3028448982167256, -1.4733320406170272]
translation = [-16.117832282894803, -81.09952074061428, 165.36704648265928]

[cam_2]
name = "C"
size = [ 1280, 1024,]
matrix = [[2215.0053793768457, 0.0, 560.9410562411674], [0.0, 2217.713448675372, 388.49663852242287], [0.0, 0.0, 1.0]]
distortions = [0.20508898871977108, -6.756213978824757, -0.007760213509174119, 0.013234687118728427, 21.262402146230325]
rotation = [0.0, 0.0, 0.0]
translation = [0.0, 0.0, 0.0]

[metadata]
adjusted = false
error = 0.2639319328583101